875 0.986
880 0.948
885 0.912
890 0.877
895 0.844
900 0.812
905 0.781
910 0.752
915 0.723
920 0.696
925 0.670
930 0.646
935 0.622
940 0.599
945 0.577
950 0.556
955 0.535
960 0.516
965 0.497
970 0.479
975 0.462
980 0.445
985 0.430
990 0.414
995 0.399
1000 0.385
1005 0.372
1010 0.359
1015 0.346
1020 0.334
1025 0.322
1030 0.311
1035 0.300
1040 0.290
1045 0.280
1050 0.270
1055 0.261
1060 0.252
1065 0.243
1070 0.235
1075 0.227
1080 0.219
1085 0.212
1090 0.205
1095 0.198
1100 0.191
1105 0.185
1110 0.179
1115 0.173
1120 0.167
1125 0.162
1130 0.156
1135 0.151
1140 0.146
1145 0.141
1150 0.137
1155 0.132
1160 0.128
1165 0.124
1170 0.120
1175 0.116
1180 0.112
1185 0.109
1190 0.105
1195 0.102 